[gd_scene load_steps=5 format=3 uid="uid://c6nac0ju7dpl8"]

[ext_resource type="PackedScene" uid="uid://kernen3d64hx" path="res://scene/blockbench_export.tscn" id="1_h0kme"]

[sub_resource type="ProceduralSkyMaterial" id="ProceduralSkyMaterial_h0kme"]
sky_horizon_color = Color(0.66224277, 0.6717428, 0.6867428, 1)
ground_horizon_color = Color(0.66224277, 0.6717428, 0.6867428, 1)

[sub_resource type="Sky" id="Sky_23ueg"]
sky_material = SubResource("ProceduralSkyMaterial_h0kme")

[sub_resource type="Environment" id="Environment_31ryr"]
background_mode = 2
sky = SubResource("Sky_23ueg")
tonemap_mode = 2

[node name="Sandbox" type="Node3D"]

[node name="DirectionalLight3D" type="DirectionalLight3D" parent="."]
transform = Transform3D(-0.8660254, -0.43301278, 0.25, 0, 0.49999997, 0.86602545, -0.50000006, 0.75, -0.43301266, 0, 0, 0)
shadow_enabled = true

[node name="WorldEnvironment" type="WorldEnvironment" parent="."]
environment = SubResource("Environment_31ryr")

[node name="Camera3D" type="Camera3D" parent="."]
transform = Transform3D(-0.38268346, 0.3535534, -0.85355335, 0, 0.9238795, 0.38268346, 0.9238795, 0.14644663, -0.3535534, -3.1999998, 1, -0.60000026)

[node name="blockbench_export" parent="." instance=ExtResource("1_h0kme")]
transform = Transform3D(1, 0, 0, 0, 1, 0, 0, 0, 1, -0.6, 0, -0.5)

[node name="wheel_left_front" parent="blockbench_export/Node/root" index="3"]
transform = Transform3D(1, 0, 0, 0, -0.99916327, 0.040899698, 0, -0.040899698, -0.99916327, -0.49632353, 0.25, -0.5)

[node name="wheel_right_front" parent="blockbench_export/Node/root" index="4"]
transform = Transform3D(1, 0, 0, 0, -0.99916327, 0.040899698, 0, -0.040899698, -0.99916327, 0.49632353, 0.25, -0.5)

[node name="wheel_left_rear" parent="blockbench_export/Node/root" index="5"]
transform = Transform3D(1, 0, 0, 0, -0.99916327, 0.040899698, 0, -0.040899698, -0.99916327, -0.49632353, 0.25, 0.8125)

[node name="wheel_right_rear" parent="blockbench_export/Node/root" index="6"]
transform = Transform3D(1, 0, 0, 0, -0.99916327, 0.040899698, 0, -0.040899698, -0.99916327, 0.49632353, 0.25, 0.8125)

[editable path="blockbench_export"]
