[gd_scene load_steps=5 format=3 uid="uid://u07gtp1leahb"]

[ext_resource type="PackedScene" uid="uid://jh3niovqnuxg" path="res://_oggetti videogioco/blocco_nero.tscn" id="1_5ovl6"]
[ext_resource type="Material" uid="uid://clwltmpr06qfc" path="res://_oggetti videogioco/materiali vari/protype_0.25_grid_light.tres" id="1_nye2f"]
[ext_resource type="PackedScene" uid="uid://cmd2iiub71nkv" path="res://_oggetti videogioco/mostro_inseguitore.tscn" id="3_nye2f"]

[sub_resource type="NavigationMesh" id="NavigationMesh_g0ahc"]
vertices = PackedVector3Array(-4.25, 0.01784991, -11.25, -3.75, 0.01784991, -9, -3, 0.01784991, -9, -3, 0.01784991, -12, -8, 0.01784991, -7, -8, 0.01784991, -11, -12, 0.01784991, -12, -12, 0.01784991, -4.25, -7.75, 0.01784991, -4, -7, 0.01784991, -4, -6.75, 0.01784991, -6.75, 8.5, 0.01784991, -2.25, 9.5, 0.01784991, -1, 12, 0.01784991, -1, 1.25, 0.01784991, -8.5, 7.25, 0.01784991, -1.75, 7.5, 0.01784991, -2.25, 12, 0.01784991, -12, 1, 0.01784991, -12, -2.25, 1.0178499, -11, -2, 1.0178499, -8.75, 0.25, 1.0178499, -9, 0, 1.0178499, -11.25, -7.25, 1.0178499, -10, -7, 1.0178499, -7.75, -4.75, 1.0178499, -8, -5, 1.0178499, -10.25, -0.75, 0.01784991, 2.25, -0.25, 0.01784991, 1.5, -0.75, 0.01784991, 1.25, -3, 0.01784991, 1, -2.75, 0.01784991, -7.75, -4, 0.01784991, -7, -4, 0.01784991, 1, -0.75, 0.01784991, -1.25, -6, 0.01784991, -3.75, -5.5, 0.01784991, 2.5, -4.75, 0.01784991, 2.5, -0.5, 0.01784991, -7.75, -0.25, 0.01784991, -1.5, 0.75, 0.01784991, 1.25, 4.25, 0.01784991, 4.5, 0.75, 0.01784991, -1.25, 1, 0.01784991, -8, -7.5, 0.01784991, 6.75, -7.25, 0.01784991, 6.25, -7.75, 0.01784991, 6, -11.25, 0.01784991, 7.25, -8.25, 0.01784991, 12, -8.5, 0.01784991, 11.25, -11, 0.01784991, 11, -12, 0.01784991, 12, -8.25, 0.01784991, -1.5, -8.25, 0.01784991, -3.75, 5.75, 0.01784991, 7, 4.75, 0.01784991, 7.5, 4.75, 0.01784991, 12, 12, 0.01784991, 12, -7, 0.01784991, 7, -5.5, 0.01784991, 6, -4.5, 0.01784991, 3.25, -6.75, 0.01784991, 10.75, 4, 2.01785, 6.25, 5, 2.01785, 6, 5, 2.01785, 5.5, 3.5, 2.01785, 5.75, -10.25, 2.01785, 8, -10, 2.01785, 10.25, -7.75, 2.01785, 10, -8, 2.01785, 7.75)
polygons = [PackedInt32Array(1, 0, 2), PackedInt32Array(2, 0, 3), PackedInt32Array(5, 4, 6), PackedInt32Array(6, 4, 7), PackedInt32Array(9, 8, 10), PackedInt32Array(10, 8, 4), PackedInt32Array(4, 8, 7), PackedInt32Array(0, 5, 3), PackedInt32Array(3, 5, 6), PackedInt32Array(12, 11, 13), PackedInt32Array(16, 15, 14), PackedInt32Array(11, 16, 14), PackedInt32Array(13, 11, 17), PackedInt32Array(17, 11, 14), PackedInt32Array(17, 14, 18), PackedInt32Array(22, 21, 19), PackedInt32Array(19, 21, 20), PackedInt32Array(26, 25, 23), PackedInt32Array(23, 25, 24), PackedInt32Array(28, 27, 29), PackedInt32Array(29, 27, 30), PackedInt32Array(2, 31, 1), PackedInt32Array(1, 31, 32), PackedInt32Array(30, 33, 34), PackedInt32Array(34, 33, 35), PackedInt32Array(37, 36, 33), PackedInt32Array(33, 36, 35), PackedInt32Array(31, 38, 32), PackedInt32Array(32, 38, 35), PackedInt32Array(35, 38, 34), PackedInt32Array(34, 38, 39), PackedInt32Array(9, 10, 35), PackedInt32Array(35, 10, 32), PackedInt32Array(34, 29, 30), PackedInt32Array(28, 40, 27), PackedInt32Array(27, 40, 41), PackedInt32Array(40, 42, 41), PackedInt32Array(41, 42, 15), PackedInt32Array(15, 42, 43), PackedInt32Array(15, 43, 14), PackedInt32Array(39, 38, 42), PackedInt32Array(42, 38, 43), PackedInt32Array(45, 44, 46), PackedInt32Array(46, 44, 47), PackedInt32Array(49, 48, 50), PackedInt32Array(50, 48, 51), PackedInt32Array(51, 7, 47), PackedInt32Array(46, 47, 52), PackedInt32Array(52, 47, 7), PackedInt32Array(7, 8, 53), PackedInt32Array(7, 53, 52), PackedInt32Array(47, 50, 51), PackedInt32Array(54, 56, 55), PackedInt32Array(56, 54, 57), PackedInt32Array(57, 54, 12), PackedInt32Array(57, 12, 13), PackedInt32Array(44, 45, 58), PackedInt32Array(58, 45, 59), PackedInt32Array(37, 60, 36), PackedInt32Array(36, 60, 59), PackedInt32Array(61, 58, 59), PackedInt32Array(49, 61, 48), PackedInt32Array(48, 61, 56), PackedInt32Array(59, 60, 61), PackedInt32Array(61, 60, 55), PackedInt32Array(61, 55, 56), PackedInt32Array(63, 62, 64), PackedInt32Array(64, 62, 65), PackedInt32Array(69, 68, 66), PackedInt32Array(66, 68, 67)]
cell_height = 0.01
agent_height = 2.5

[node name="Arena" type="NavigationRegion3D"]
navigation_mesh = SubResource("NavigationMesh_g0ahc")

[node name="Rest" type="Marker3D" parent="."]
gizmo_extents = 1.0
metadata/_edit_group_ = true

[node name="MostroInseguitore" parent="Rest" instance=ExtResource("3_nye2f")]

[node name="CSGBox3D" type="CSGBox3D" parent="."]
transform = Transform3D(1, 0, 0, 0, 1, 0, 0, 0, 1, 0, 0.00049999356, 0)
material_override = ExtResource("1_nye2f")
use_collision = true
size = Vector3(25, 0.001, 25)

[node name="BloccoNero" parent="." instance=ExtResource("1_5ovl6")]
transform = Transform3D(0.998199, 0, 0.059989717, 0, 1, 0, -0.059989717, 0, 0.998199, -9, 1, 9)
size = Vector3(3, 2, 3)
metadata/asset_placer_res_id = "uid://jh3niovqnuxg"

[node name="BloccoNero2" parent="." instance=ExtResource("1_5ovl6")]
transform = Transform3D(0.998199, 0, 0.059989717, 0, 1, 0, -0.059989717, 0, 0.998199, -1, 0.5, -10)
size = Vector3(3, 1, 3)
metadata/asset_placer_res_id = "uid://jh3niovqnuxg"

[node name="BloccoNero3" parent="." instance=ExtResource("1_5ovl6")]
transform = Transform3D(0.998199, 0, 0.059989717, 0, 1, 0, -0.059989717, 0, 0.998199, -6, 0.5, -9)
size = Vector3(3, 1, 3)
metadata/asset_placer_res_id = "uid://jh3niovqnuxg"

[node name="BloccoNero4" parent="." instance=ExtResource("1_5ovl6")]
transform = Transform3D(0.998199, 0, 0.059989717, 0, 1, 0, -0.059989717, 0, 0.998199, -6.8182297, 1, 1.0545866)
size = Vector3(1, 2, 9)
metadata/asset_placer_res_id = "uid://jh3niovqnuxg"

[node name="BloccoNero5" parent="." instance=ExtResource("1_5ovl6")]
transform = Transform3D(0.44714686, 0, 0.8944607, 0, 1, 0, -0.8944607, 0, 0.44714686, 0.18177032, 1, 4.0545864)
size = Vector3(1, 2, 9)
metadata/asset_placer_res_id = "uid://jh3niovqnuxg"

[node name="BloccoNero6" parent="." instance=ExtResource("1_5ovl6")]
transform = Transform3D(-0.8944606, 0, 0.4471468, 0, 1, 0, -0.4471468, 0, -0.8944606, 6.38177, 1, 2.6545863)
size = Vector3(1, 2, 9)
metadata/asset_placer_res_id = "uid://jh3niovqnuxg"
